1111010010010111111111111111011001111101110111110000101111101101101101001011011110111101010100011110101011111111110001101110001011111100011111111111110110011101100011101110101110111001010001101100100001010100101101111010111111000010000010011011000101011010110000010101101011110011111101011100111011111111110011011110111011111000111000001111111111011111
1111101000101110111011101011111111111001100111101011101001001111000101101111110110111000100101101010111000011111111011000001001111100100000100101100111111000110000010011011011010100110010010110111000001001001101011111111111101100001000000001010111001000010111011000000001101010011011110001111111111111111010001001001111111110010101100101111111111001111
1001101011111111111101100111101111110011101111110110011001111101011110110111110111100111111010101100101001101100110110100100110101011100110110111101011111100011010000001110100101001111110101110111101111001111010111110111010110000000000000111001011110111010010101111110110101111101110110001111111011111111010010001111111111111100110100101111111111101111
1111011101001011101101011101100110110101110111110111101011010111110011001001110101111110111111001100101001110111001010100110111101110111010100111101111101100111001000101011101101011100100011111110001011101110011111011001110100011000100010001011111101101011001001111010101101011101001111001111111111111111010101011000111111110101011010001111011011111111
0010110101100011110011111110111110011110111110110101101111101111111001000001010011101101101110011011000001101111001100101101011101111110111111111101111111111001000010101111111001101110000000111111001011100011011111100001110001000011010000001111110010100000010111000110010000011100111100001111111011111111001100010101101111111101010000101111111111011111
1011001100110011111110110111111110110110111110111011100101101111110011111110111001001111100001001010010011100011010101010111010111111111101111111111111111011011100011100101110011111000101001111100010010100111111110111111111000000100000001010111101100110101011111110001010100101111110011101001111111111111111001111111011110011011111101101111111111111111
0001011101001000010111010111111110111111011111111010010011001111110111011100101000010111001011111111110111011110111011001011110101100111101111111111111111110011101101100010011010001101100010111111010111111011101111111111110000001100010000000111111110110000001101111111010000101110000000001111111111111111110011111101111111011101100101101101110111101011
0111111110000001100001111000011010000101010100110010110111110111111011010100110101100111001110011110111111100110101111011110000111111101111111010110111101101001000001010001111101101111110101101111110110100110010101111111111100001101000001111011011101110110000111111110010001011111000111111111110111101101010111011010011011101101111101001111111111101111
0111111001100001010110101111111001101011010111110110111001000001110001101110110101100111111011111011001111111011110111110110111111111011011101110100110101010110100011010101010101111110010110001111011111100010111110101100110100100000010010111101110101111100110010000111011001101110011110111111111111111111001100001110111010110000110110101111111111110111
1011010111001010101011011110010111100111110101110101111101001011001101010101100101101101111011101100111101011100001001110110111001101111010100101010011101100000001111101111111000000100011011011111110111000101001101100101011100000101110001001110111001101110001101111110111001101111111111011111011111111111001111111110011110110111110011001111011111110111
1011001101111100010111100111111101010010011111110111111111000100011111110100111100001111010101110000101001101111000110001100110110011000110111011001101011110011100001010101101000000111010000111111110111110111100101110101101000001101010000001001001001110110100111010111011001111010011111001111110111111111011001001111101111111010110111001111111111110011
0110111011001001101111110101111101000110011010110100111011001010010111100111110101101101010111001010011111111111011111001101111100111111111010111101111011000011000011101100000100101101111101010011010111001010101111100111010101100100010000101011111111111101111111101110101100011111011111101111111011011111011111111101101111101101110001101111010011001011
0100111011100010001110000111100100011000011111101110010010100101001111010011101011101111101000100010010001100000111001111110101111111111011110111111111111001011001010111010111101111110110101110110011010100111111110110101111100000111000001111101101111110101111111111110010101101100101111001111111111111111001011001101111110111100011001001011111101001111
1100101111010111010100010111010011110001100101110101111011100111100010111111111110101001100100011010000111100000010011100000010101111010000101011101111001010001000111111110110101001111001101001111111110100110010111111111110100001011001101111111001101110101010100110110011101100001001111101101111111111111010001111111011110011111111111111001111111100110
0011111010011011011110111111110101011011100111110010101100001110010100110111110110111100010011110011001100011010000001011010111010101001100011001001111011110110111010011111011000001101100000001110010110001001010111000111011010000011000000000011111010001010100110111000101011101100100111011101110111111111010010100101011111111011010100001101111101011111
0100101011110101000010001011011001100100011001011001110000101111111101000100101110101001100001110011101010110111101101101011010100111110101000011001111101100000110000100100110101101100001101001111011010000110001010000111110110010011100001110000110110110100100110110010111011111110100101111111101011111111011010011101111111111001110001111111111111110110
1001001111111000011101110010011111110000111111100110111110111010001101110111111111111011111100001111101110111101110001101111110011100111111011001110100101011100100110100010110100010111110011011101001110010111010111111110110110110011000000110101011011011101111101100101111110010111001100111101111111111111011101111001011111110111110100111111011111110111
1101101101100011010101111101100011000010001010110011001011011111110101101101110001011010011110010011111010110000110111101111101011111010111010101111111110001010100110100111101111010110000110001111101011010100110101111111011100001110001100000100011111111100010110111111111101011111000110001101111111111111101110111011111110111010110111001011101111111111
1000111111111101000110101101011111110100110111101011001111100001111010110011111011111110011110011110000100101011101011011101011111111110111111111011111111111100111010111111110101100100100000101111000011000010011011110111111110000000000000000100011010000000111001101000000110100110100111101110111111111111001110110011011111110010110000111111110101110110
1111101110101011110111010010010001011001111111110111010111011011111001111001111001110111010010101010111101101000111011110101110111111111001101011111111100010101101001010011110001110111010001011110111111000111011101110111111110001001000001000101001101100100111011110100111111111101101100001110111111111111011011111111111111111111100010111111111111111111
1011110001111101010011101100101111110011101100101110001111111110000010010000011001001111100001001011010100001011011101111110000111111111111100011111111111101101000001101110111101010000110001011110110011000100010100111110111100100000101000101101111110100101011100111011011101101011100000001111011111101111011101111110111110110000100000001111111111111110
1110001100100100001110010011101111010011100000101001110000011100100011001011101000010110001000010000000100111101110111111110011100011010101100101011010110000010001010101111111101001110110011111111011011001110011110111111111101000010110011101011111101001111001110110100110001111111011111011111111111111111010110111100111011001011010011001100111111011110
0011101011111000001100000110110011001001100110010100010110111110111111111010111101010001000010011110000000101111101110101100001001101110111100101111101111000010000111101110010001110110110110011101011111000011011111101010110100010010111100001011001111101010001101001101110001010001101010011111111011100111010111101001001111110111110100101111111111001111
1110000011010001111000111011110100111111111001110011100110100010011100101100101011010001100010111100101001101010101111101000100011001010101111101011111101101110100110000111010101101111100010111101001000010011111010011110111101110100000101011010111111011101100111001100110101111101100100111111101101101111011110111100111111011010010110111111111111001111
0110110100000001010011100000100111011111111011011010000100001000010111010111111011111010011001100101111000110000101011000001000110100010101111011011111101000101010111100000110111100100101110000101010001010010111011101011010101010001011000011110011110101011111101101100100101011010011111001111111011111111010101011001101011110111010110101111011111011111
1000100001101010100011110110111001110101101101010011111111111011000001101100011111111111111010111111101000011111111010111101110111111011111110101111100111111111110101001000011101101010100011001101011011110100001010110000111110010000010001000110100100111100101110010111110010010111011100101111111111111111001101011001111111010001111110101111111111010101
1110001010000000100001101101100001111101100001011010100101100101001010001100111110011010110110101100111110011011111110010001100001110111010001001110111101000101101100101011010101101000110110001011000011100010111011111011110100010000100000001100111111111010110101111110000000111111111111001111011111101111011100001101101111110111111010101111001111000111
1110010101010001101010110101110101110111100001110101100011100100001111011000011100101111110110110010111111001011110111011000101111001011110101000101111111000110011111100010010101101000010110011111100011100001001011110111111110110000100100010010001101111011101110111110001110111011101110011011111111111111011110111111011111111001110010011111111011010111
1000000110101110101000101011001101011010111011010000000111001101010110001011111110000100100101111110101010010011110101001101101111111010111011111111111111101110101100111110110101001100100100101001110111101010110011101001110100110001110000111110011111111001111100101010101100011111101110101101111111111111011101011111011010110001111100001111111111101111
1010101100100100000010111011011111011001011011010101101110000100001000111001011100001011101101100111101111011111111101011101101011101111111010110111111101100001001101110100011101001101100110001111010101101100010011111001101100110101010010001100110110111100011111010110100000111011111101111111111101101111001101110110100110110011111010011111110111001100
0000100101100100001010110101100101011001000001001000110010001100101011110111010100101111101100011010101001111111110111001111111011111101100010111111111111000110010111001110110110001110100100000101110000000010110011110111110100111110100000001110111100110010111110010011000000011011010100011101111111101111011111000101110011111101111100101111111011101111
0001011111001001111001110011101111011010111011010000010101001001110110001111011100110100001110011010110111111111010011011011011000111111110011111111011011101011000100100110101101101101100111001101110100000100010010111111011100111001101001011110111000111111001110101010111101110011110110001001111111101111011100101101110010011010111111001111111111100111
1001000111000110101000110100111100001101000000001000011000010111111010111110101001101011110011010100111011101101000111101000111111110110111101110100111111000111101010101000111011100111111110011111001001001101111111111111101000100000001111010011010011111001101101101100110101111110001111101111111011111111101000110001111111110111010011111111011111101101
1111001011101001101101010101100101100110011011100111111011101011111010011110111111110011111110000110101111101011011011010110101101101100110110010111101111100011111101111110101111101111011100111111011101001110111110001101001110100000000100101010100000111001111110000110101111100000111111001111111111111111111011111110101111100111111100011111111101000110
1001111111000001110100011001010100101111000110100011111110100111000001111100011111000010100001000010100001011010111110110000001001110011100100011111110111010111011101111011111101001101101110000111110111001010101111110010111100010001000010001111101111111110101011111011111001101010111110011011011111111111011001001100111010000110101111001111110101111111
1111000101011111111111111101011111110110011100001100100011111001110011110111111011100011111100001100000011100010111111101110101111111100110100011111011111111101110011100110110111101100011000001101010011010010111111100100110101000101010000100111110111110010111111011111001011011000011100001111111011111101110111111101111011111101111001001111011111011111
0100111010110011111110100110001010000101110000011100110101101101101000100101011111010101100010100011110001101011111110111110111111110110111111011111111111000111110101011110100111000011010100111011001101000110100001101111110101101000000001100101000011010001001000001111111101100010100000101011011111101111110111011101111010101001100011011111111111010110
1111110010111101101001001000111100000110111010001100110000010111010001111011000100001010001010010101001011100100101110101100011101111100101101101111111101000111100100000110010101001111100100011101001000001110011011111111000110000000000001000011110111011001101111010101010111001111100101001111111011000111010111001110111110101100010001111111001111101101
0001111001100101011011111111110110010010101010100110111110001111000110011011111110100111001010001010011010101111111010011110101111111111110100011111111111000011110010110111010011111100000111111010100010000110101111110111111111001000100001001111011001011011000011101000111110110111101010001010111111100111110001101110111111100010111100011111110111101110
0101010010100011011110011001111010010111101000010110001101010100111110101100001110101111101011000011111010101111110011110100101111110101001110011111111100001111110000001111100111110011111000011110011011100000101100111110111110001000101100000111110111101011010010001010111100110011111100001000011011101111010011001111111010101101101011001111111111101110
1101010100110110111011000110100101001110111001111001000110101010111001100110011110111001000111011010000111111001100011101111101111111111101111111011111101011101000011111101111011001100101101010110110010100101110001110111111001011101000001001010110010011101100010001011111001100010010000001100111101111111001101101100001111011110011111001111110111111111
0100011101100100011111111101111010001111001100011010111100111010110110010011100100101001100110101010011111001111010001010111111111100011111111111110011111111101100110000010001101000111100000000101101111111100010111111000101111100010010000001110010110111101011001011111101111011110011100001001111111111111111100011100111010111111110111001111111111111101
0000010001011011110011111000001000101000000100010011001110100101100100110100101111000011110111001011111000001010010101100101111011111110100111111011110111010100010000001100111011101011100000011101111011010100100011110010111100110000010001010100111110111001000111001111110110110001111100111101111011111110111111100000110011011111010111111111111111111101
0001010110010011111010110001011100000101110100000111101100111001101110101101111010011100100111000111111011011011100111011100111111111101000111011111111111011110100110001100000101011010100000000101010010011100010111111110111111100010100001011110111110111111110111010011111100011011001100001101111111111111111101010101111111111101110110011111011111111110
0111110100011001111110111111010001001001001110110110010000111000101111111111110101001000000010011101101011001111110000011100011111011011110100111001101101011110100011010011111001011111110100011111011000000001011110101110111111010011000000000000100111010010100010011111001011111110000111001111111111111111010100001001010111110011011101101111111111010111
0101000110000110101111100101100100001010001011001001111111101101011110101011110100100010001110100111000010110011101111101001101111111110111011101111111101001110100011101001111001100101101111111111010010000001010011111111001110000101100000010011000111111110100000000110111011001011001011011111111101001111011100101000111111010000010011001111011111100111
1111100010101100110111110110101101001001101000000100100000101101101101010011110101001001001100010111101010110010000101011111111111111011111111011010111110001111100010010110101101111111000000001111001111110010011110110100111111000111000010010001110111111011100011000111111111101010001100001111101111111111011101111000111111110011110101001111111111011111
1001001110111111010111111110000000100001101000001011111111011011101111101010011111000010111111111011010111101011111111111100101011011111110100110111111111001101111011111110111101100101101000001111010111110001001010101010111110110100111000010100001110110000111101111111000110011110111000101111111111101111011000101010110111010011111001011111011111101111
1110110110110101010001001000010001100000011010000001010011100011111001011010111011011010110001110110111100100111100111011100111110111101111110111011101111001111110000011010110001101110010100111100110101000011010101101111110011101101010000110110001000010000110011010001001111101011101111111101110111101111010100001100111111101010100101011111111101101111
1101000101001011010000000010000001100111101011001111111011111011001111011010101111100000110100010010001011000111010010101100100101101010111110101110101110101011111111100110111101001001000111001011110001100100001010101001011111001001010001010010101110111101111010111111110010110110111111101111111011101111011111010011110111101000111001011111111101100111
1010001011001101010111010001110000001000100001000101010110100110000110001010111011110111110011111000111100100110101111011100011100011101100011011011111001101111101100001110110001011011100001011011110111000111011100110011110010011101010001110111001110010100111111111101011110001110110111111111110111101111010101111011011111101101010001011111111111111111
1010000101111001011100011001010000100001000010101110111011110101110110011110101000111101100000100010111001101110110010010000111011111101011101111111111001000101110010001111101001101111100101001010110111000101001011011011101011010011010000010011010100010100101110010100000010001001111010111110110011101111010111101001111111111100010011111111111111101101
1110111011110110010100000011000001111000001110000111011000110001100010001100111101111010001111010010001011101101010111101110111111111110110111111111111101110111110010100100101101111101100001001001111101110101001011011000101011001001110001000011001010110001110100000111010010110001111111101001111111111111010111001001110111101001011111011111111111100111
1000101011111110011101011000111000100000100010001111101101111101011101001000010000000000000001110011011000000110111111111010011011111111110111100110111111000100110010011110000001010100101111011011111111100011000110000011110111000110011101100010000010111000100001101110110010010110111111101111111111110111011111100010110011101010111111111111111101100111
0110111111011011011100110100000010001011001010000111100110011001101011110111101010110011111110001000101001111111011011101011011001111111010011001111111111100111111001111100110101001100100010011111010011111100001111110000101010000100010010010011111110111110101111111111101010110011111110001011111111111111011001111001111111110011111111011111110101111111
0110101110000011111010001000100011101110100010001110011111010101101111111111011101111000111111000010110011101111011101001000001111110000111111001111010111101010111010101010111011111101110101001011101010000111101111011111111101101100100001000010110111011111011010001100111000111111101101001111111011111111111111001010011111101001111001011111111111101111
0011000110101011000011001000000000100011000000000111011000000111101111101111111111100110010110101110111001001111111001100000110111111110010111000101111101101111110010110010111101100100000100111111000010000111011011100111101110000001000100110001011101011100111001100100101111011111100100001110111011111111010101001011011111100011111011001111011111101111
0001000000010100000011010000000000000101101010001011111111011110011010100001100010101110010110111110101010110100100011001101100011111000100010101111111111001010100010001110101001101000101000101111101011110011011010000110111010100101001000100011010011110011101011001111001011111000101110011100100011111111010111110010111111101111011101001111111101111111
0000001000100000100001011010100010000100100010001101011110001101010110110000000100111110010100110011100111101010010111110010111011110111110101101111011101000110110110001010101001100110101110001101001111001110001011100011110110000001010111000011011000111010100001010110100111101101011110001001111111011111000111001001111111101101010110111111111111001111
1010011100000010001100101000100010101011000010101111100111011111111100111111100111111110101001000100100010010110001001011111001011111011111110101111111110110010101010111011011011000100101100001111010011101111111111111011010000000000011000010011011000111111001101101101110001110111110010011111101111111111111100001000111011010010111011101111011111101111
1000010010000000100011011001000000000101101100000011110100101101010000101111011011001001100101000110011001111110111011010011111011100001110010101100111111101110110110101010100001111100100110011111100011000111111101011011110100110010010001001010011110011011111101111100110101000111010100011111110111111111011110001000111011101111011010111111101111111111
0001100110010000001110111011100000110111100100001110101011111111010111100010110000110001001100000000101000101111111111001000000111111001111100100111111111100011111010001000101101001111101110111111100011101111001100110011111110000100011010110011111110011110101101011101111110110011111110001011101111101111011001111011111111000100011011001110111011111111
0000111100110000000111110011100000000111001110000100110100111100001010011010000101010001001101000111111110100010010111110110001001111001101110101111011111110000110100110010100001001101101010011101100111110110010011111010100110111001011001010010011100111010110111110111011011010111111111011101111111110111011100111010010111101011111101111111100111110111
0000011000001000100010000010100100001111011010111011110111101011101100111111110101001000111010010110000011111101110011101101101111111000101110111111111011010011110010101010011101001110100101111110001111001111010010101011011110010100010000100010100000011100110110001101110111101101111010011100101111111011010110101001111111110011110110011111111111111111
